0.2784809950328484 0.8016868391939194 0.5450643542890835 0.5474137695080271 0.0 0.49999964285739795 0.0 0.1999998000002 0.731707138608015 0.0 
0.0 0.7526305583000976 0.5748031043462123 0.5748031043462123 0.0 0.7142846938790088 0.7851053801662108 0.24999968750039064 0.33333322222225925 0.0 
0.15999998720000103 0.7650211243464966 0.7426900150473675 0.7426900150473675 0.0 0.6999993000007 0.0 0.6666644444518518 0.8333330555556482 0.0 
0.4791666167534774 0.787880169955117 0.9527558304916669 0.9527558304916669 0.0 0.8749989062513672 0.574131689121971 0.39999920000160005 0.6666664444445185 0.0 
0.4848484481175418 0.7631475261266383 0.7016574197979326 0.7016574197979326 0.0 0.4374997265626709 0.911553031389634 0.33333277777870374 0.33333322222225925 0.0 
0.4166666232638934 0.7883522881606674 0.8425196186992426 0.8425196186992426 0.0 0.9999985714306123 0.8440272310497727 0.49999875000312505 0.4999998333333889 0.0 
0.4096385048628307 0.7954383495619326 0.3385826505053031 0.3385826505053031 0.0 0.7142846938790088 0.5149660061676213 0.49999750001249993 0.5333331555556148 0.0 
0.3777777358024738 0.7805248287856706 0.37007871101742434 0.3228346202492425 0.0 0.8749989062513672 0.0 0.6666644444518518 0.5666664777778407 0.0 
0.1456953545897116 0.7883176554582659 0.31330470758348894 0.31465515885107076 0.0 0.35714260204099857 0.0 0.7999992000008 0.24390237953600497 0.0 
0.3999999794871805 0.799654048380457 0.7339055479010494 0.7370689337470288 0.0 0.7142852040819971 0.0 0.2999997000003 0.6097559488400124 0.0 
0.2771084170416616 0.7829844507576028 0.5193132824329063 0.5215517016572543 0.0 0.5714281632655976 0.0 0.49999950000050003 0.48780475907200993 0.0 
0.2574257298304094 0.7625762945508777 0.7768240009946781 0.7801723801649836 0.0 0.8749994531253418 0.0 0.5999994000006 0.24390237953600497 0.0 
0.2530120329510823 0.7908237360973535 0.45922744810182625 0.4612068766721174 0.0 0.49999964285739795 0.0 0.3999996000004 0.3658535693040075 0.0 
0.1699346294160373 0.7765269607368328 0.18454934830260308 0.18534481959720606 0.0 0.35714260204099857 0.0 0.0999999000001 0.39024380725760793 0.0 
0.4124999742187516 0.8334696956000729 0.2017167295400545 0.17672413031361506 0.16666638888935187 0.5714281632655976 0.0 0.2999997000003 0.41463404521120845 0.0 
0.0 0.760183390515536 0.4269005598303766 0.4269005598303766 0.0 0.49999950000050003 0.0 0.37499953125058594 0.399999840000064 0.0 
0.022471907587426114 0.7508048286451691 0.6033057352639888 0.6033057352639888 0.0 0.6249992187509766 0.7312777571890884 0.6249992187509766 0.49999975000012503 0.0 
0.015999998720000103 0.7355231830749946 0.40331489484448096 0.40331489484448096 0.0 0.31249980468762206 0.861281223741037 0.7499990625011719 0.9999990000010001 0.0 
0.1573033531119828 0.7563094593902484 0.6822429268931843 0.6822429268931843 0.0 0.7142846938790088 0.9301872403016003 0.4999993750007813 0.6666662222225186 0.0 
0.026315786011080786 0.7531848563562683 0.5890410151998609 0.5890410151998609 0.0 0.9999980000040001 0.6559177853338757 0.12499984375019532 0.6249996093752441 0.0 
0.09638553055596016 0.7550246559372658 0.6438355282417084 0.5616437586789371 0.0 0.6249992187509766 0.0 0.37499953125058594 0.5882349480970893 0.0 
0.5864661213183368 0.8208055497815965 0.7076022978010352 0.7076022978010352 0.0 0.7999992000008 0.0 0.5999988000024 0.799999680000128 0.0 
0.7573964048877867 0.8103497760243314 0.9447513290192636 0.9447513290192636 0.0 0.6249996093752441 0.0 0.4999991666680556 0.399999840000064 0.0 
0.3458646356492755 0.844259566394122 0.6257309575595931 0.6257309575595931 0.0 0.6999993000007 0.0 0.7499981250046875 0.599999760000096 0.0 
0.5833332847222262 0.8579559223653601 0.25146197359871497 0.25146197359871497 0.0 0.49999950000050003 0.0 0.3333322222259259 0.6399997440001024 0.0 
0.6141731799863638 0.8549781103074131 0.2748537850962699 0.23976606784993754 0.0 0.7999992000008 0.0 0.9999966666777778 0.6799997280001088 0.0 
0.8428570826530655 0.7831951383445163 0.6685082503586602 0.6685082503586602 0.0 0.4999996875001953 0.6298375431980786 0.8333319444467593 0.49999975000012503 0.0 
0.5384614866863955 0.8107043423035634 0.8842974475787233 0.8842974475787233 0.0 0.8749989062513672 0.6802271197797695 0.7999984000032001 0.7499996250001875 0.0 
0.8131867238256347 0.8411615987472881 0.3553718714568701 0.3553718714568701 0.0 0.6249992187509766 0.8969441483837192 0.19999960000080003 0.7999996000002 0.0 
0.5510203519366987 0.7987439631140825 0.38842971996448594 0.3388429472030622 0.0 0.9999987500015626 0.0 0.5999988000024 0.8499995750002125 0.0 
0.4857142510204106 0.83292730842415 0.5911601883336912 0.5911601883336912 0.0 0.4374997265626709 0.9259200418107049 0.6666655555574075 0.6666662222225186 0.0 
0.45669287742575765 0.8145871186727904 0.2375690476481189 0.2375690476481189 0.0 0.31249980468762206 0.564931234942226 0.16666638888935187 0.6249996093752441 0.0 
0.3880596725328602 0.8052704750394954 0.2596684939409672 0.22651932450169476 0.0 0.4999996875001953 0.0 0.4999991666680556 0.5882349480970893 0.0 
0.5714285086342298 0.8316506211469172 0.40186912132064284 0.40186912132064284 0.0 0.7142846938790088 0.6101280416965003 0.24999937500156252 0.9374994140628662 0.0 
0.5918366743023802 0.8414427942773576 0.43925229539698174 0.3831775342824734 0.0 0.8749989062513672 0.0 0.7499981250046875 0.882352422145634 0.0 
0.6117646339100431 0.8355139090061672 0.9148934223631016 0.9534881503515928 0.0 0.6249992187509766 0.0 0.3333322222259259 0.941175916955343 0.0 
