0.7462685453330529 0.8506494401471602 0.9999998591549494 0.9999998591549494 0.0 0.8571416326548106 0.0 0.9999966666777778 0.8571422448983965 0.0 
0.6829267459845432 0.8242167079712676 0.6893203214252115 0.6893203214252115 0.0 0.8749989062513672 0.0 0.9999966666777778 0.5714282993198575 0.0 
0.9999998437500244 0.9977858225552431 0.9999998591549494 0.9999998591549494 0.0 0.9999985714306123 0.0 0.9999966666777778 0.9999991666673611 0.0 
0.7307691605029654 0.8041212596294951 0.4829931644222337 0.4829931644222337 0.0 0.5833328472226273 0.0 0.7499981250046875 0.42857127551025875 0.0 
0.7666665388889101 0.8714422179234655 0.7746477782186227 0.7746477782186227 0.0 0.8571416326548106 0.0 0.5999988000024 0.9999991666673611 0.0 
0.8235293148789041 0.8184082854732193 0.6893203214252115 0.6893203214252115 0.0 0.7499990625011719 0.009299354953233252 0.9999966666777778 0.6666663492065004 0.0 
0.9253729962129856 0.8500397252460834 0.9999998591549494 0.9999998591549494 0.0 0.8571416326548106 0.0 0.9999966666777778 0.8571422448983965 0.0 
0.9532709389466412 0.7995903609575291 0.4829931644222337 0.4829931644222337 0.0 0.49999958333368055 0.00821593787989206 0.7499981250046875 0.4999998214286352 0.0 
0.6349205341395977 0.8498349375726248 0.7746477782186227 0.7746477782186227 0.0 0.9999983333361112 0.0 0.5999988000024 0.8571422448983965 0.0 
0.487804818560388 0.8240662986641539 0.6893203214252115 0.6893203214252115 0.0 0.8749989062513672 0.0 0.9999966666777778 0.5714282993198575 0.0 
1.1803277721042809 0.9916516008320688 0.7006802244435222 0.7006802244435222 0.0 0.6666661111115741 0.8834925431031273 0.7499981250046875 0.7499997321429528 0.0 
0.5384614694280168 0.8334090359104063 0.5339805306815019 0.5339805306815019 0.0 0.7499990625011719 0.0 0.5999988000024 0.5714282993198575 0.0 
0.7307691605029654 0.8056534871028963 0.4829931644222337 0.4829931644222337 0.0 0.5833328472226273 0.0 0.7499981250046875 0.42857127551025875 0.0 
0.7666665388889101 0.8708927959879685 0.7746477782186227 0.7746477782186227 0.0 0.8571416326548106 0.0 0.5999988000024 0.9999991666673611 0.0 
0.41999995800000417 0.8250873135415663 0.3741496344115895 0.3741496344115895 0.0 0.49999958333368055 0.0 0.7999984000032001 0.42857127551025875 0.0 
