0.33333326388890333 0.7814683837346106 0.594202812434375 0.594202812434375 0.0 0.5999988000024 0.10163970538894587 0.0 0.7142852040819971 0.0 
0.8181816942148947 0.8189746896180742 0.550724557866006 0.550724557866006 0.0 0.7999984000032001 0.32542542297587007 0.0 0.6428566836737974 0.0 
0.5599998880000223 0.8090638056845508 0.6231883154799542 0.6231883154799542 0.0 0.39999920000160005 0.0 0.0 0.5714281632655976 0.0 
0.6837606253196047 0.7706612342416296 0.3812154485516327 0.3812154485516327 0.0 0.31249980468762206 0.0897404342160112 0.0 0.7142852040819971 0.0 
0.6172838744093982 0.787905711781093 0.6448597528168455 0.6448597528168455 0.0 0.7142846938790088 0.0969200355770875 0.0 0.9333327111115259 0.0 
0.9705880925605745 0.8061217421097326 0.6231883154799542 0.6231883154799542 0.0 0.9999980000040001 0.15885129082865948 0.0 0.8749994531253418 0.0 
0.5866665884444549 0.781556786274108 0.6811593215711128 0.594202812434375 0.0 0.6249992187509766 0.0 0.0 0.8235289273359251 0.0 
0.3571427933673583 0.7812197002763073 0.926829042236819 0.926829042236819 0.0 0.7499981250046875 0.31232602133354703 0.49999750001249993 0.8999991000009 0.0 
0.24999993750001562 0.7784421386291565 0.9534881503515928 0.9534881503515928 0.0 0.6666644444518518 0.0 0.9999900000999989 0.7999992000008 0.0 
0.5981307852214219 0.7579470168073084 0.22651932450169476 0.22651932450169476 0.0 0.18749988281257324 0.8829245599461537 0.16666638888935187 0.9999990000010001 0.0 
0.4507041618726532 0.7749335269928718 0.3831775342824734 0.3831775342824734 0.0 0.4285708163274053 0.9535621318243842 0.24999937500156252 0.6666662222225186 0.0 
0.5517240428061995 0.7910832548120125 0.9534881503515928 0.9534881503515928 0.0 0.5999988000024 0.6398391626491219 0.9999900000999989 0.6249996093752441 0.0 
0.4307691644970516 0.7711160363689638 0.8723402399276085 0.9999997560976204 0.0 0.37499953125058594 0.0 0.3333322222259259 0.5882349480970893 0.0 
0.6206895481569744 0.801966233812595 0.8837207247161105 0.8837207247161105 0.0 0.49999875000312505 0.0 0.49999750001249993 0.8888879012356653 0.0 
0.8639999308800055 0.7513524646621939 0.20994473978205858 0.20994473978205858 0.0 0.24999984375009765 0.2757610587730018 0.33333277777870374 0.8999991000009 0.0 
0.7865167655599139 0.7818255053579574 0.3551401537252193 0.3551401537252193 0.0 0.571427755103207 0.29782307006361847 0.49999875000312505 0.5999996000002666 0.0 
0.8684209383656659 0.7978034938078805 0.8837207247161105 0.8837207247161105 0.0 0.7999984000032001 0.4881300222030084 0.49999750001249993 0.5624996484377197 0.0 
0.7951806270866714 0.7670937718743668 0.8085104662743688 0.926829042236819 0.0 0.4999993750007813 0.0 0.6666644444518518 0.5294114532873805 0.0 
0.8623852419830053 0.7902627456682239 0.2375690476481189 0.2375690476481189 0.0 0.12499992187504883 0.0 0.16666638888935187 0.7999992000008 0.0 
0.8219176956277129 0.8112269622162129 0.40186912132064284 0.40186912132064284 0.0 0.2857138775516035 0.0 0.24999937500156252 0.5333329777780148 0.0 
0.8333331944444675 0.8122874056334266 0.9999997674419144 0.9999997674419144 0.0 0.39999920000160005 0.0 0.9999900000999989 0.4999996875001953 0.0 
1.044775963466274 0.8451240725974059 0.9148934223631016 0.9534881503515928 0.0 0.24999968750039064 0.0 0.3333322222259259 0.4705879584776715 0.0 
0.4857142510204106 0.83292730842415 0.5911601883336912 0.5911601883336912 0.0 0.4374997265626709 0.9259200418107049 0.6666655555574075 0.6666662222225186 0.0 
0.45669287742575765 0.8145871186727904 0.2375690476481189 0.2375690476481189 0.0 0.31249980468762206 0.564931234942226 0.16666638888935187 0.6249996093752441 0.0 
0.3880596725328602 0.8052704750394954 0.2596684939409672 0.22651932450169476 0.0 0.4999996875001953 0.0 0.4999991666680556 0.5882349480970893 0.0 
0.5714285086342298 0.8316506211469172 0.40186912132064284 0.40186912132064284 0.0 0.7142846938790088 0.6101280416965003 0.24999937500156252 0.9374994140628662 0.0 
0.5918366743023802 0.8414427942773576 0.43925229539698174 0.3831775342824734 0.0 0.8749989062513672 0.0 0.7499981250046875 0.882352422145634 0.0 
0.6117646339100431 0.8355139090061672 0.9148934223631016 0.9534881503515928 0.0 0.6249992187509766 0.0 0.3333322222259259 0.941175916955343 0.0 
