0.2784809950328484 0.8016868391939194 0.5450643542890835 0.5474137695080271 0.0 0.49999964285739795 0.0 0.1999998000002 0.731707138608015 0.0 
0.0 0.7526305583000976 0.5748031043462123 0.5748031043462123 0.0 0.7142846938790088 0.7851053801662108 0.24999968750039064 0.33333322222225925 0.0 
0.15999998720000103 0.7650211243464966 0.7426900150473675 0.7426900150473675 0.0 0.6999993000007 0.0 0.6666644444518518 0.8333330555556482 0.0 
0.4791666167534774 0.787880169955117 0.9527558304916669 0.9527558304916669 0.0 0.8749989062513672 0.574131689121971 0.39999920000160005 0.6666664444445185 0.0 
0.1456953545897116 0.7883176554582659 0.31330470758348894 0.31465515885107076 0.0 0.35714260204099857 0.0 0.7999992000008 0.24390237953600497 0.0 
0.3999999794871805 0.799654048380457 0.7339055479010494 0.7370689337470288 0.0 0.7142852040819971 0.0 0.2999997000003 0.6097559488400124 0.0 
0.2771084170416616 0.7829844507576028 0.5193132824329063 0.5215517016572543 0.0 0.5714281632655976 0.0 0.49999950000050003 0.48780475907200993 0.0 
0.0 0.760183390515536 0.4269005598303766 0.4269005598303766 0.0 0.49999950000050003 0.0 0.37499953125058594 0.399999840000064 0.0 
0.022471907587426114 0.7508048286451691 0.6033057352639888 0.6033057352639888 0.0 0.6249992187509766 0.7312777571890884 0.6249992187509766 0.49999975000012503 0.0 
0.5864661213183368 0.8208055497815965 0.7076022978010352 0.7076022978010352 0.0 0.7999992000008 0.0 0.5999988000024 0.799999680000128 0.0 
