0.3275861786563639 0.7898886544081688 0.30386738652666373 0.30386738652666373 0.0 0.3749997656251465 0.0 0.8333319444467593 0.8333326388894676 0.0 
0.4857142510204106 0.83292730842415 0.5911601883336912 0.5911601883336912 0.0 0.4374997265626709 0.9259200418107049 0.6666655555574075 0.6666662222225186 0.0 
0.45669287742575765 0.8145871186727904 0.2375690476481189 0.2375690476481189 0.0 0.31249980468762206 0.564931234942226 0.16666638888935187 0.6249996093752441 0.0 
0.3880596725328602 0.8052704750394954 0.2596684939409672 0.22651932450169476 0.0 0.4999996875001953 0.0 0.4999991666680556 0.5882349480970893 0.0 
0.36666663611111366 0.8054222789497024 0.3922651716980568 0.3922651716980568 0.0 0.4374997265626709 0.0 0.4999991666680556 0.8333326388894676 0.0 
0.39024387071188044 0.808586960706468 0.3922651716980568 0.3922651716980568 0.0 0.3749997656251465 0.006708656539744057 0.4999991666680556 0.7142852040819971 0.0 
0.5507245977735798 0.8202510929619394 0.569060742040843 0.569060742040843 0.0 0.4999996875001953 0.7214085736468315 0.4999991666680556 0.4761902494332146 0.0 
0.36666663611111366 0.8050215788465168 0.3922651716980568 0.3922651716980568 0.0 0.4374997265626709 0.0 0.4999991666680556 0.8333326388894676 0.0 
0.6749999578125027 0.8189439714605674 0.8121546512621739 0.8121546512621739 0.0 0.749999531250293 0.8165393982960624 0.6666655555574075 0.3571427295918823 0.0 
0.5249999343750081 0.8185213513907852 0.5140186435496594 0.5140186435496594 0.0 0.8571416326548106 0.0 0.7999984000032001 0.7999994666670223 0.0 
0.5714285086342298 0.8316506211469172 0.40186912132064284 0.40186912132064284 0.0 0.7142846938790088 0.6101280416965003 0.24999937500156252 0.9374994140628662 0.0 
0.5918366743023802 0.8414427942773576 0.43925229539698174 0.3831775342824734 0.0 0.8749989062513672 0.0 0.7499981250046875 0.882352422145634 0.0 
0.4761904195011405 0.8479055700788262 0.6635513398550149 0.6635513398550149 0.0 0.9999985714306123 0.0 0.7499981250046875 0.7999994666670223 0.0 
0.4367815589906254 0.836782004332301 0.6635513398550149 0.6635513398550149 0.0 0.8571416326548106 0.007245376470336351 0.7499981250046875 0.9333327111115259 0.0 
0.8039214898116186 0.8519316657274658 0.9626167324657259 0.9626167324657259 0.0 0.8749989062513672 0.7791242067668995 0.7499981250046875 0.7142853741498219 0.0 
0.4761904195011405 0.8488268697557555 0.6635513398550149 0.6635513398550149 0.0 0.9999985714306123 0.0 0.7499981250046875 0.7999994666670223 0.0 
0.9193547645681641 0.8421330672330855 0.7278911069461832 0.7278911069461832 0.0 0.5833328472226273 0.8818658860336588 0.9999975000062501 0.5357140943878235 0.0 
0.47761186901315383 0.804763459660013 0.7818180396694473 0.7818180396694473 0.0 0.8333319444467593 0.0 0.19999960000080003 0.749999531250293 0.0 
0.6117646339100431 0.8355139090061672 0.9148934223631016 0.9534881503515928 0.0 0.6249992187509766 0.0 0.3333322222259259 0.941175916955343 0.0 
0.5633802023408165 0.8162032780825063 0.6056337175163777 0.6056337175163777 0.0 0.7142846938790088 0.0 0.3333322222259259 0.749999531250293 0.0 
0.7297296311176174 0.8572500564408844 0.6056337175163777 0.6056337175163777 0.0 0.8333319444467593 0.011875123631553996 0.3333322222259259 0.8749994531253418 0.0 
0.8314605807347661 0.8210831716071729 0.4174756876237196 0.4174756876237196 0.0 0.6249992187509766 0.7830921208699401 0.3333322222259259 0.7619043990931433 0.0 
0.5633802023408165 0.8172421585864371 0.6056337175163777 0.6056337175163777 0.0 0.7142846938790088 0.0 0.3333322222259259 0.749999531250293 0.0 
0.9549548689229848 0.811168217509618 0.29251698690360634 0.29251698690360634 0.0 0.4166663194447338 0.6918583333635845 0.24999937500156252 0.5714283673470116 0.0 
0.6486485609934377 0.8647174868370323 0.8545452991735819 0.74545440991738 0.0 0.7499990625011719 0.0 0.5999988000024 0.7058819377165072 0.0 
0.8205127153188826 0.8531601188255145 0.6619717377504595 0.577464707399337 0.0 0.8749989062513672 0.0 0.9999966666777778 0.7058819377165072 0.0 
0.7160492943149019 0.8466070734829348 0.6619717377504595 0.577464707399337 0.0 0.7499990625011719 0.0 0.9999966666777778 0.8235289273359251 0.0 
0.6458332660590348 0.8254746456834986 0.45631063530964705 0.39805821378075595 0.0 0.9999987500015626 0.0 0.9999966666777778 0.8095234240364647 0.0 
0.8205127153188826 0.8555505443810034 0.6619717377504595 0.577464707399337 0.0 0.8749989062513672 0.0 0.9999966666777778 0.7058819377165072 0.0 
0.711864346452174 0.8070194226320622 0.3197278694062674 0.2789115456522758 0.0 0.6666661111115741 0.0 0.7499981250046875 0.6071426403061999 0.0 
0.7666665388889101 0.8714422179234655 0.7746477782186227 0.7746477782186227 0.0 0.8571416326548106 0.0 0.5999988000024 0.9999991666673611 0.0 
0.7462685453330529 0.8506494401471602 0.9999998591549494 0.9999998591549494 0.0 0.8571416326548106 0.0 0.9999966666777778 0.8571422448983965 0.0 
0.6829267459845432 0.8242167079712676 0.6893203214252115 0.6893203214252115 0.0 0.8749989062513672 0.0 0.9999966666777778 0.5714282993198575 0.0 
0.9999998437500244 0.9977858225552431 0.9999998591549494 0.9999998591549494 0.0 0.9999985714306123 0.0 0.9999966666777778 0.9999991666673611 0.0 
0.7307691605029654 0.8041212596294951 0.4829931644222337 0.4829931644222337 0.0 0.5833328472226273 0.0 0.7499981250046875 0.42857127551025875 0.0 
0.6349205341395977 0.8498349375726248 0.7746477782186227 0.7746477782186227 0.0 0.9999983333361112 0.0 0.5999988000024 0.8571422448983965 0.0 
0.8235293148789041 0.8184082854732193 0.6893203214252115 0.6893203214252115 0.0 0.7499990625011719 0.009299354953233252 0.9999966666777778 0.6666663492065004 0.0 
0.9253729962129856 0.8500397252460834 0.9999998591549494 0.9999998591549494 0.0 0.8571416326548106 0.0 0.9999966666777778 0.8571422448983965 0.0 
0.9532709389466412 0.7995903609575291 0.4829931644222337 0.4829931644222337 0.0 0.49999958333368055 0.00821593787989206 0.7499981250046875 0.4999998214286352 0.0 
0.5384614694280168 0.8334090359104063 0.5339805306815019 0.5339805306815019 0.0 0.7499990625011719 0.0 0.5999988000024 0.5714282993198575 0.0 
0.487804818560388 0.8240662986641539 0.6893203214252115 0.6893203214252115 0.0 0.8749989062513672 0.0 0.9999966666777778 0.5714282993198575 0.0 
1.1803277721042809 0.9916516008320688 0.7006802244435222 0.7006802244435222 0.0 0.6666661111115741 0.8834925431031273 0.7499981250046875 0.7499997321429528 0.0 
0.7666665388889101 0.8708927959879685 0.7746477782186227 0.7746477782186227 0.0 0.8571416326548106 0.0 0.5999988000024 0.9999991666673611 0.0 
0.7307691605029654 0.8056534871028963 0.4829931644222337 0.4829931644222337 0.0 0.5833328472226273 0.0 0.7499981250046875 0.42857127551025875 0.0 
0.41999995800000417 0.8250873135415663 0.3741496344115895 0.3741496344115895 0.0 0.49999958333368055 0.0 0.7999984000032001 0.42857127551025875 0.0 
