0.6499998375000405 0.8048036482445523 0.9999997674419144 0.9999997674419144 0.0 0.0 0.0 0.3333322222259259 0.7499990625011719 0.0 
0.5185183264746939 0.879526757472565 0.6279068307193416 0.6046510221741809 0.0 0.0 0.0 0.0 0.4999991666680556 0.0 
0.515151437098267 0.7894836127143755 0.443298923371245 0.45263153130194406 0.0 0.0 0.4724984133857496 0.4285708163274053 0.28571414965992875 0.0 
0.08333329861112558 0.7419757372152003 0.2093022769064472 0.2093022769064472 0.0 0.0 0.0 0.0 0.8333319444467593 0.0 
0.5487804543426552 0.7425157380746797 0.1419141867355054 0.1419141867355054 0.0 0.0 0.0 0.15789465373965592 0.1874999414062683 0.0 
0.7096771904267127 0.8853417382414243 0.58139521362902 0.58139521362902 0.0 0.0 0.7209231440376869 0.0 0.8333319444467593 0.0 
0.7083331857639196 0.8347700692544412 0.6231883154799542 0.6231883154799542 0.0 0.0 0.5226669427018251 0.0 0.42857112244919826 0.0 
0.3684209556786958 0.7550553874524658 0.9534881503515928 0.9534881503515928 0.0 0.0 0.19446092198159587 0.3333322222259259 0.5999994000006 0.0 
0.7857141454081883 0.7979250025073579 0.8837207247161105 0.8837207247161105 0.0 0.0 0.6226162063927133 0.6666644444518518 0.666665925926749 0.0 
0.7586204280619213 0.8491513219476483 0.6279068307193416 0.6046510221741809 0.0 0.0 0.0 0.0 0.37499953125058594 0.0 
0.3999999272727405 0.8535901715623745 0.27835048676799107 0.27368418171745457 0.49999750001249993 0.0 0.0 0.0 0.14285707482996438 0.0 
0.0 0.7660300282595794 0.33333320987658893 0.3461537130178027 0.0 0.0 0.0 0.0 0.5999988000024 0.0 
0.4313725208253254 0.7896397015625148 0.08910890795020107 0.08580857802611955 0.0 0.0 0.0 0.0 0.09374997070313415 0.0 
0.699999650000175 0.8919257080431173 0.9259255829905249 0.9615380917161186 0.0 0.0 0.0 0.0 0.5999988000024 0.0 
0.540540394448542 0.8862262940643534 0.3913042911153201 0.3768115395925305 0.0 0.0 0.0 0.0 0.21428556122459913 0.0 
0.4444442798354519 0.7894592853432432 0.6585364247472134 0.6341461867936129 0.0 0.0 0.0 0.0 0.2999997000003 0.0 
0.7999998222222616 0.8412422426056545 0.7105261288089134 0.6842103462604351 0.0 0.0 0.0 0.0 0.3333329629633745 0.0 
0.4117646453287286 0.7938956003213123 0.443298923371245 0.45263153130194406 0.0 0.49999750001249993 0.0 0.14285693877580175 0.38095219954657167 0.0 
0.038461531065090176 0.7869222905070579 0.09278349558933034 0.09473683213296503 0.0 0.0 0.0 0.0 0.2380951247166073 0.0 
0.6458332996961823 0.7998011881912069 0.3201320026359075 0.31353134278774447 0.0 0.09090900826453795 0.0 0.36842085872586383 0.656249794921939 0.0 
0.2711863947141704 0.805604579233298 0.2577319321925843 0.263157867036014 0.0 0.0 0.65540091527742 0.0 0.2380951247166073 0.0 
0.5789472922437773 0.822506429148143 0.7113401328515326 0.7263157130193986 0.0 0.19999960000080003 0.24696272672108943 0.0 0.6666663492065004 0.0 
0.3030302571166277 0.7797183295342718 0.42268036879583826 0.43157890193906295 0.0 0.3333322222259259 0.4115561914568079 0.14285693877580175 0.4761902494332146 0.0 
0.7380951502267677 0.8213772533915296 0.39175253693272816 0.39999995789474124 0.0 0.24999937500156252 0.7588853741686538 0.2857138775516035 0.4285712244898931 0.0 
0.0 0.7348440197227971 0.2093022769064472 0.2093022769064472 0.0 0.0 0.0 0.0 0.6249992187509766 0.0 
0.0 0.7550494058712437 0.029702969316733687 0.029702969316733687 0.0 0.0 0.0 0.0 0.15624995117189025 0.0 
0.0 0.7453972434579055 0.3599998560000576 0.3599998560000576 0.0 0.0 0.0 0.0 0.9999980000040001 0.0 
0.0 0.7673300617500528 0.1304347637051067 0.1304347637051067 0.0 0.0 0.0 0.0 0.35714260204099857 0.0 
0.0 0.7763172892521915 0.21951214158240448 0.21951214158240448 0.0 0.0 0.0 0.0 0.49999950000050003 0.0 
0.0 0.7546839320978996 0.23684204293630448 0.23684204293630448 0.0 0.0 0.0 0.0 0.5555549382722909 0.0 
0.2048192647699238 0.8279594701886004 0.1419141867355054 0.1419141867355054 0.0 0.1818180165290759 0.0 0.05263155124655198 0.2499999218750244 0.0 
0.08917196884254976 0.7603160397234708 0.08250824810203802 0.08250824810203802 0.0 0.0 0.0 0.0 0.15624995117189025 0.0 
0.19540228762055817 0.7895491691456982 0.22772276476162495 0.22772276476162495 0.0 0.45454504132268975 0.0 0.0 0.4374998632812927 0.0 
0.12195121207614561 0.7569711912058809 0.13531352688734236 0.13531352688734236 0.0 0.2727270247936138 0.0 0.05263155124655198 0.3124999023437805 0.0 
0.30769229078613786 0.7965957918043658 0.12541253711509778 0.12541253711509778 0.0 0.3636360330581518 0.0 0.10526310249310396 0.2812499121094024 0.0 
0.7272725068871191 0.8066666735903043 0.58139521362902 0.58139521362902 0.0 0.0 0.0 0.0 0.6249992187509766 0.0 
0.585365710886412 0.8582253674940177 0.3623187880697408 0.3623187880697408 0.0 0.0 0.3768079222364168 0.0 0.35714260204099857 0.0 
0.45161275754427177 0.7761664185862772 0.6097559488400124 0.6097559488400124 0.0 0.0 0.2697360724222756 0.0 0.49999950000050003 0.0 
0.8979590004165304 0.8281509192809292 0.6578945637119569 0.6578945637119569 0.0 0.0 0.86362878684038 0.0 0.5555549382722909 0.0 
0.5599998880000223 0.8090638056845508 0.6231883154799542 0.6231883154799542 0.0 0.39999920000160005 0.0 0.0 0.5714281632655976 0.0 
0.33333326388890333 0.7814683837346106 0.594202812434375 0.594202812434375 0.0 0.5999988000024 0.10163970538894587 0.0 0.7142852040819971 0.0 
0.8181816942148947 0.8189746896180742 0.550724557866006 0.550724557866006 0.0 0.7999984000032001 0.32542542297587007 0.0 0.6428566836737974 0.0 
0.24999993750001562 0.7784421386291565 0.9534881503515928 0.9534881503515928 0.0 0.6666644444518518 0.0 0.9999900000999989 0.7999992000008 0.0 
0.3571427933673583 0.7812197002763073 0.926829042236819 0.926829042236819 0.0 0.7499981250046875 0.31232602133354703 0.49999750001249993 0.8999991000009 0.0 
0.6206895481569744 0.801966233812595 0.8837207247161105 0.8837207247161105 0.0 0.49999875000312505 0.0 0.49999750001249993 0.8888879012356653 0.0 
